1.000000e+00 1.000000e+00 1.000000e+00 1.000000e+00 1.000000e+00 1.000000e+00
4.838183e+00 1.203785e+00 1.492334e+00 7.052713e-01 1.818711e+00 1.123031e+00
6.098528e+00 1.396911e+00 2.273229e+00 5.844963e-01 7.403329e-01 1.442747e+00
8.097696e+00 7.633459e-01 2.301521e+00 2.504187e-01 7.346473e-01 2.199945e+00
1.308481e+01 1.158583e+00 2.492837e+00 4.920571e-02 1.819425e+00 1.261527e+00
2.093540e+01 1.337197e-01 3.436660e+00 4.235997e-01 1.822058e+00 1.335365e+00
6.052752e+00 1.326260e+00 2.054158e+00 3.707362e-01 9.045648e-01 1.604997e+00
1.052737e+01 9.317426e-01 2.025346e+00 6.063328e-01 1.020295e+00 2.131218e+00
1.171713e+01 1.517464e+00 1.911801e+00 5.914385e-01 1.782677e+00 1.266062e+00
1.847995e+01 1.551203e+00 2.095705e+00 6.763128e-01 1.976119e+00 1.114219e+00
8.286425e+00 1.484470e+00 1.883542e+00 3.729317e-01 1.405914e+00 1.184575e+00
2.605579e+01 1.283064e+00 2.548502e+00 3.565273e-01 8.017178e-01 1.475443e+00
1.168680e+01 1.809778e+00 2.243655e+00 3.123727e-01 1.396914e+00 5.965988e-01
4.876292e+01 1.749902e+00 2.773365e+00 6.497804e-04 1.509070e+00 1.172624e+00
5.487872e+00 1.447780e+00 2.547977e+00 6.696311e-02 6.085107e-01 1.408823e+00
3.024106e+01 1.429990e+00 2.849201e+00 6.297198e-02 1.105082e+00 1.502846e+00
1.722782e+01 1.350928e+00 2.383418e+00 8.116622e-02 1.198742e+00 1.257300e+00
7.421040e+01 3.247374e+00 2.019372e+00 3.983311e-02 3.019836e+00 7.617312e-01
