1.000000e+00 1.000000e+00 1.000000e+00 1.000000e+00 1.000000e+00 1.000000e+00
5.944410e-01 4.689470e-01 6.159683e-01 6.336679e-01 6.290606e-01 4.711095e-01
1.311706e-01 4.544891e-03 6.137265e-03 3.597750e-02 1.548383e-02 1.364643e-01
5.825346e-02 1.682213e-02 3.256092e-02 2.937008e-02 4.095060e-02 8.847952e-02
1.620903e+00 9.476561e-01 1.281294e+00 9.707858e-01 1.578862e+00 9.083870e-01
4.734199e+00 1.793245e+00 1.823467e+00 9.765742e-01 1.481046e+00 1.070435e+00
1.866673e-03 7.259691e+00 7.482325e-02 2.541181e-01 1.105292e+00 8.583620e-01
1.321200e+01 2.137606e+00 1.534139e-01 2.439176e+00 1.135634e+00 2.034458e+00
4.089116e+00 1.456150e+00 1.657666e+00 7.474447e-01 1.515032e+00 5.922543e-01
1.062627e+01 1.555366e+00 1.774130e+00 6.435311e-01 1.319491e+00 1.100558e+00
7.013628e+00 1.400529e+00 1.492755e+00 2.189303e-01 2.109190e+00 6.968313e-01
1.264068e+01 1.106157e+00 1.153487e+00 4.169928e-01 2.253965e+00 1.162686e+00
1.960128e+00 1.524799e+00 1.913655e+00 1.846784e-01 1.636144e+00 6.704674e-01
5.078144e+00 1.712262e+00 1.809673e+00 3.066335e-01 1.638709e+00 1.006889e+00
1.300469e+01 1.534289e+00 1.084824e+00 7.571384e-02 2.257680e+00 1.160677e+00
7.975047e+00 1.165855e+00 1.696729e+00 1.011363e-01 1.594462e+00 9.716517e-01
1.000000e+00 8.794084e-01 1.141269e+00 9.865352e-01 8.408242e-01 9.651411e-01
4.964632e+00 2.469914e+00 2.730484e+00 9.419717e-01 2.019709e+00 2.083282e+00
2.109155e+01 4.434112e+00 4.237369e+00 2.566876e-02 1.747506e+00 2.084631e-02
4.558220e+01 6.256442e+00 5.590837e+00 2.835418e-02 1.293595e-02 3.092783e-02
3.939040e+00 3.671109e+00 3.489729e+00 2.141043e-02 1.935541e+00 1.638306e+00
2.322924e+01 3.001966e+00 2.661660e+00 5.398664e-02 3.785000e+00 2.542369e+00
3.587231e+01 5.279431e+00 2.190554e+00 2.465075e-02 3.061811e+00 2.739420e+00
1.333596e+00 3.444292e+00 3.631602e+00 1.258921e+00 1.787046e+00 2.364498e+00
1.280454e+00 3.979036e+00 3.672680e+00 1.225541e+00 2.850486e+00 2.362761e+00
3.905171e+01 7.844201e+00 1.914571e+00 1.791986e+00 2.995584e+00 3.683767e+00
1.263644e-01 1.012152e+00 8.806396e-01 1.104638e+00 7.961088e-01 5.605173e-01
