4.147997e-01 1.658337e+00 1.837914e+00 1.314046e+00 3.496241e-01 8.341191e-01
1.000000e+00 1.188572e+00 8.972117e-01 1.060150e+00 1.045906e+00 1.106637e+00
2.752749e-01 1.337489e+00 1.159859e+00 8.997500e-01 1.015692e+00 9.468552e-01
2.537187e-01 8.987999e-01 6.846090e-01 1.436426e+00 7.707993e-01 1.107216e+00
2.737105e-01 1.275680e+00 7.999506e-01 1.119590e+00 8.082942e-01 1.047705e+00
2.761592e-01 9.070440e-01 9.856154e-01 8.082282e-01 1.346970e+00 1.130614e+00
1.900067e-01 9.199690e-01 9.076360e-01 1.162705e+00 1.055446e+00 1.024884e+00
2.397946e-01 9.853929e-01 1.033588e+00 9.215702e-01 1.030756e+00 8.111341e-01
2.985658e-01 8.656979e-01 1.016014e+00 1.067427e+00 1.221159e+00 7.667566e-01
3.181108e-01 9.054415e-01 1.098629e+00 1.131473e+00 1.084228e+00 7.083186e-01
2.107598e-01 9.205971e-01 1.065673e+00 1.150802e+00 1.165245e+00 6.723935e-01
3.218214e-01 8.431519e-01 1.004496e+00 1.054210e+00 1.033683e+00 7.813672e-01
3.617439e-01 9.463090e-01 9.227537e-01 9.890400e-01 1.055295e+00 7.220205e-01
3.234615e-01 1.034947e+00 9.508716e-01 1.053655e+00 1.093446e+00 7.014734e-01
3.303671e-01 9.618038e-01 8.310389e-01 9.722097e-01 1.065085e+00 7.970877e-01
3.255500e-01 8.890147e-01 9.401403e-01 9.912552e-01 1.190727e+00 6.464257e-01
3.137837e-01 1.263583e+00 7.253520e-01 9.230797e-01 8.725873e-01 4.735074e-01
1.000000e+00 9.794785e-01 1.111899e+00 9.402572e-01 9.655455e-01 1.016460e+00
3.654511e-01 1.239901e+00 1.132218e+00 9.002230e-01 1.390020e+00 7.862381e-01
3.058892e-01 9.983606e-01 8.177521e-01 1.397686e+00 9.706681e-01 9.680090e-01
1.441430e-01 1.061016e+00 1.081993e+00 1.167805e+00 8.023779e-01 8.706372e-01
3.023325e-01 7.412359e-01 9.293944e-01 1.172010e+00 1.035106e+00 1.134872e+00
3.343831e-01 7.985469e-01 1.080749e+00 1.188420e+00 7.780134e-01 1.073986e+00
2.857585e-01 7.852331e-01 1.171777e+00 1.104276e+00 8.832609e-01 1.174639e+00
3.241607e-01 8.840350e-01 1.227448e+00 1.140687e+00 7.378576e-01 9.373988e-01
4.647989e-01 9.137165e-01 1.165984e+00 1.085673e+00 6.310713e-01 1.012785e+00
3.822472e-01 9.758413e-01 1.150367e+00 1.071724e+00 5.777421e-01 1.027922e+00
3.791726e-01 9.919194e-01 1.076102e+00 1.030556e+00 5.737166e-01 9.972850e-01
3.802483e-01 1.019175e+00 1.030575e+00 1.124037e+00 4.616442e-01 1.098674e+00
4.605171e-01 1.105010e+00 1.073081e+00 1.094577e+00 4.501618e-01 1.059005e+00
5.147083e-01 1.115035e+00 1.017124e+00 1.063313e+00 4.877557e-01 1.000642e+00
3.759217e-01 1.170875e+00 9.845962e-01 1.067838e+00 5.964047e-02 1.132543e+00
1.701905e-01 9.713061e-01 1.253693e+00 1.119422e+00 1.455004e+00 6.855218e-01
1.000000e+00 1.011587e+00 9.576239e-01 8.243191e-01 1.066344e+00 9.961329e-01
3.881604e-01 1.384732e+00 1.129392e+00 8.471017e-01 1.284316e+00 8.461170e-01
2.828427e-01 7.657403e-01 9.634794e-01 1.372930e+00 7.877166e-01 1.170249e+00
1.240375e-01 8.668929e-01 1.068882e+00 1.192069e+00 6.291323e-01 1.157083e+00
3.470719e-01 8.383926e-01 1.210367e+00 9.423220e-01 7.957905e-01 1.250488e+00
3.040117e-01 8.687884e-01 1.154119e+00 1.001911e+00 7.178182e-01 1.181908e+00
3.505048e-01 1.015478e+00 1.279185e+00 8.891935e-01 6.402215e-01 1.158156e+00
2.866740e-01 8.766245e-01 1.235618e+00 7.967574e-01 6.219902e-01 1.190065e+00
3.062907e-01 1.034969e+00 1.304700e+00 8.672789e-01 6.246629e-01 1.188662e+00
4.280709e-01 9.801768e-01 1.208540e+00 8.355436e-01 6.265437e-01 1.190107e+00
4.021272e-01 1.064477e+00 1.243494e+00 7.920431e-01 5.091689e-01 1.186530e+00
4.847044e-01 1.074740e+00 1.160959e+00 7.568365e-01 4.014841e-01 1.249326e+00
5.123398e-01 1.050916e+00 1.195173e+00 8.804196e-01 4.917432e-01 1.218698e+00
3.962237e-01 1.082666e+00 1.150586e+00 8.685182e-01 4.875601e-01 1.210879e+00
3.278359e-01 1.191534e+00 1.088738e+00 5.849013e-01 4.147777e-02 1.455298e+00
3.222370e-01 8.955519e-01 1.148859e+00 5.416595e-01 1.136383e+00 1.151232e+00
1.000000e+00 1.265166e+00 1.146804e+00 1.073332e+00 1.010087e+00 8.856026e-01
1.553343e-01 1.578402e+00 9.420110e-01 9.338683e-01 1.046469e+00 8.432553e-01
1.882414e-01 8.726015e-01 8.981322e-01 1.143808e+00 1.042010e+00 1.200266e+00
1.936028e-01 5.496578e-01 6.736894e-01 1.129796e+00 1.224477e+00 1.325094e+00
2.404203e-01 7.210186e-01 1.314589e+00 4.966395e-01 1.272733e+00 1.086646e+00
2.503959e-01 8.219211e-01 9.000569e-01 8.822858e-01 1.063202e+00 1.284489e+00
1.414417e-01 9.293546e-01 1.127705e+00 8.391597e-01 1.176322e+00 1.212458e+00
3.032099e-01 9.194667e-01 1.013987e+00 6.856137e-01 1.193253e+00 1.302073e+00
3.618335e-01 9.008261e-01 1.021243e+00 6.222179e-01 1.177436e+00 1.314460e+00
4.597231e-01 8.486065e-01 9.809445e-01 7.050212e-01 1.135773e+00 1.307278e+00
4.446704e-01 8.580114e-01 9.949454e-01 6.055831e-01 1.113170e+00 1.294619e+00
2.778013e-01 9.173827e-01 9.821118e-01 7.069172e-01 1.149531e+00 1.333695e+00
4.333683e-01 8.739939e-01 9.199074e-01 6.354305e-01 1.105457e+00 1.231002e+00
3.978296e-01 8.637497e-01 8.597825e-01 6.717656e-01 1.089763e+00 1.206737e+00
4.522708e-01 9.715535e-01 6.831329e-01 1.644755e-01 1.164970e+00 1.599976e+00
