9.029598e+00 1.348533e+00 1.925322e+00 2.833637e+00 4.242607e-01 4.713101e+00
1.000000e+00 9.655567e-01 9.688211e-01 8.422699e-01 9.366698e-01 1.139636e+00
1.324316e-01 4.761053e-01 4.161463e-01 1.273247e+00 1.047799e+00 1.272549e+00
4.110934e-01 4.444106e-01 1.438435e+00 6.416682e-01 1.392528e+00 6.721338e-01
5.667151e-01 8.868380e-02 1.175979e+00 7.830875e-01 1.655225e+00 8.257204e-01
5.822501e-01 5.322007e-02 1.264097e+00 1.420209e+00 1.000737e+00 4.694534e-01
4.922262e-01 6.238713e-01 1.282956e+00 8.229903e-01 8.885170e-01 5.965797e-01
4.111845e-01 6.434098e-01 1.039545e+00 1.151374e+00 7.310219e-01 7.130599e-01
3.358775e-01 1.177655e+00 9.394598e-01 9.316047e-01 5.196664e-01 7.714803e-01
3.609409e-01 1.329554e+00 7.872893e-01 8.128706e-01 5.854547e-01 7.651342e-01
1.712443e-01 1.308143e+00 4.807909e-01 9.854219e-01 5.897077e-01 9.256171e-01
2.061070e-01 1.326888e+00 4.445201e-01 8.998030e-01 7.616688e-01 9.080770e-01
2.742028e-01 1.358969e+00 4.871448e-01 8.657555e-01 8.883130e-01 8.458164e-01
2.024925e-01 1.230210e+00 4.504521e-01 8.375728e-01 9.422428e-01 8.712528e-01
1.619398e-01 1.314458e+00 4.834467e-01 9.044742e-01 1.023527e+00 7.431826e-01
1.071208e-01 1.561596e+00 3.886649e-01 7.959595e-01 1.285783e+00 3.931820e-02
3.312857e+00 1.213476e+00 1.272220e+00 1.756472e+00 1.569463e+00 1.497372e+00
1.000000e+00 8.706386e-01 1.083110e+00 9.583043e-01 9.839706e-01 9.174069e-01
3.645001e-01 8.101915e-01 8.581725e-01 1.449999e+00 4.354135e-01 1.258977e+00
9.482698e-01 7.666873e-01 1.449837e+00 9.415640e-01 8.489642e-01 8.786512e-01
7.277895e-01 1.922885e-01 1.223566e+00 1.089483e+00 1.003873e+00 1.369542e+00
9.093237e-01 1.946611e-01 1.393573e+00 1.315361e+00 7.705025e-01 1.044473e+00
6.414905e-01 8.571927e-01 1.056794e+00 1.057095e+00 8.651425e-01 7.912661e-01
4.052175e-01 9.348364e-01 9.420097e-01 1.186424e+00 8.294127e-01 8.234490e-01
3.615235e-01 1.133563e+00 8.940149e-01 1.046241e+00 8.776770e-01 8.397991e-01
2.874748e-01 1.174367e+00 8.190076e-01 1.048135e+00 6.996694e-01 9.888343e-01
1.056898e-01 1.163973e+00 8.781822e-01 1.023245e+00 7.119367e-01 9.132660e-01
2.166783e-01 1.123500e+00 9.147332e-01 1.025560e+00 5.641824e-01 8.881004e-01
1.884015e-01 1.059571e+00 1.018308e+00 1.045453e+00 7.075141e-01 8.346527e-01
9.971138e-02 1.244520e+00 9.071083e-01 1.035473e+00 6.485660e-01 9.370160e-01
1.914233e-01 1.259761e+00 8.887491e-01 9.542061e-01 6.761057e-01 8.978213e-01
1.119539e-01 1.506893e+00 9.457939e-01 8.284870e-01 2.190946e-02 1.091434e+00
4.058673e+00 8.536706e-01 1.129410e+00 1.429329e+00 1.552794e+00 1.402860e+00
1.000000e+00 8.279338e-01 1.086056e+00 1.054210e+00 9.452850e-01 8.784627e-01
2.776217e-01 8.502318e-01 8.117136e-01 1.275731e+00 3.039764e-01 1.392608e+00
8.202922e-01 6.521850e-01 1.723683e+00 4.140917e-01 7.330038e-01 1.234407e+00
9.752571e-01 3.296632e-01 1.450800e+00 4.586950e-01 1.039854e+00 1.440216e+00
7.727714e-01 1.526004e-01 1.270052e+00 1.292593e+00 5.401102e-01 1.178649e+00
4.382112e-01 8.885711e-01 1.288915e+00 7.701818e-01 8.883255e-01 8.421551e-01
5.416462e-01 8.506461e-01 9.611520e-01 9.885419e-01 8.251758e-01 9.194170e-01
3.436050e-01 1.037712e+00 9.804734e-01 9.667855e-01 7.189227e-01 8.503752e-01
2.062880e-01 1.108636e+00 8.971715e-01 9.570406e-01 6.640341e-01 9.789408e-01
3.307041e-01 1.202129e+00 9.354823e-01 9.550992e-01 5.336709e-01 1.017546e+00
2.018864e-01 1.190722e+00 9.114500e-01 8.733302e-01 5.421553e-01 9.886421e-01
2.551508e-01 1.240124e+00 9.426745e-01 8.748609e-01 4.233394e-01 1.068761e+00
2.194333e-01 1.287146e+00 9.550768e-01 8.096328e-01 4.431050e-01 1.035684e+00
1.753776e-01 1.306485e+00 8.872102e-01 7.985839e-01 4.967644e-01 1.067943e+00
1.473351e-01 1.480019e+00 9.600718e-01 5.922460e-01 5.098254e-02 1.256199e+00
3.902140e+00 4.971985e-01 1.524511e+00 3.154681e+00 1.035225e+00 1.227231e+00
1.000000e+00 1.129253e+00 9.196850e-01 1.026914e+00 9.683877e-01 9.871626e-01
3.088253e-01 3.128613e-01 8.047972e-01 1.002898e+00 1.359676e+00 1.579063e+00
9.301806e-01 2.908915e-01 1.640079e+00 3.939274e-01 1.307432e+00 1.106955e+00
9.311786e-01 4.308442e-01 1.539447e+00 5.118578e-01 1.378725e+00 9.380158e-01
8.869527e-01 1.152161e-01 1.089888e+00 1.127303e+00 1.131512e+00 1.324719e+00
5.081036e-01 6.515369e-01 1.219021e+00 9.175172e-01 1.058677e+00 1.002751e+00
6.020737e-01 6.996235e-01 8.109429e-01 1.078606e+00 9.662242e-01 1.098571e+00
3.090873e-01 7.576999e-01 7.323297e-01 9.348662e-01 1.049918e+00 9.987107e-01
2.316488e-01 9.711919e-01 6.554424e-01 7.467065e-01 9.506961e-01 1.075287e+00
3.182807e-01 1.038963e+00 5.598126e-01 7.265556e-01 9.344648e-01 1.051797e+00
2.649951e-01 1.159727e+00 6.001020e-01 7.075369e-01 1.046311e+00 1.205925e+00
2.239749e-01 1.156917e+00 5.355007e-01 6.226065e-01 9.562658e-01 1.127032e+00
2.046969e-01 1.211972e+00 4.911766e-01 5.566490e-01 9.376011e-01 1.120372e+00
1.604454e-01 1.132510e+00 5.076082e-01 5.769118e-01 9.446220e-01 1.158128e+00
1.860283e-01 1.292572e+00 4.407676e-01 2.351202e-02 8.708934e-01 1.437254e+00
