1.000000e+00 9.067688e-01 1.004051e+00 1.001543e+00 1.030829e+00 9.977748e-01
1.000000e+00 9.000671e-01 1.021286e+00 8.603598e-01 1.049337e+00 7.962609e-01
7.920656e-02 1.524229e+00 1.196140e+00 1.423383e+00 1.042524e+00 2.861768e-02
1.692222e-01 9.416244e-01 3.254075e-01 1.688916e+00 9.327481e-01 7.666008e-01
1.446828e-01 8.065859e-01 1.100636e+00 9.598381e-01 8.465083e-01 3.910171e-01
1.894291e-01 1.350195e-01 2.105382e-02 1.400207e+00 1.403440e+00 1.286111e+00
1.747063e-01 5.554494e-02 7.386071e-01 7.953123e-01 1.547909e+00 8.252267e-01
1.438578e-01 2.256032e-01 1.229646e+00 2.458709e-02 1.545936e+00 9.659415e-01
2.939600e-01 2.139858e-01 1.117636e+00 6.694560e-01 9.662262e-01 5.175868e-01
2.742516e-01 4.802904e-01 1.617682e+00 5.133900e-01 9.152124e-01 3.612334e-02
2.667733e-01 4.822830e-01 1.151051e+00 7.675412e-01 5.318696e-01 4.112666e-01
3.024077e-01 6.381157e-01 7.527243e-01 7.295215e-01 3.710683e-01 8.160552e-01
2.452210e-01 7.960685e-01 6.858094e-01 6.053640e-01 3.384300e-01 6.799777e-01
2.825519e-01 7.773576e-01 5.507773e-01 5.570217e-01 3.232732e-01 7.913947e-01
2.747789e-01 8.406338e-01 5.451423e-01 4.563847e-01 3.631597e-01 8.206260e-01
1.161417e-01 1.414313e+00 2.548597e-02 5.144313e-02 1.506737e-01 1.240619e+00
1.000000e+00 8.840560e-01 8.345418e-01 1.191953e+00 9.248977e-01 9.602724e-01
1.000000e+00 1.020383e+00 9.822309e-01 9.757324e-01 1.059925e+00 9.887036e-01
1.453927e-01 1.551386e+00 1.763863e+00 1.121033e+00 1.224832e-02 7.356110e-01
1.238173e-01 6.972620e-01 5.805202e-01 1.722645e+00 2.040431e-02 1.375094e+00
3.080595e-01 8.200245e-01 9.906055e-01 1.083184e+00 4.745235e-01 8.984389e-01
3.539729e-01 3.828477e-01 1.209742e+00 8.031508e-01 7.025629e-01 1.271157e+00
5.624119e-01 2.660232e-01 1.093300e+00 8.931800e-01 8.524654e-01 9.342440e-01
4.330462e-01 3.645758e-01 1.049084e+00 6.893563e-01 1.020175e+00 7.557037e-01
6.690460e-01 4.251786e-01 8.833196e-01 7.491497e-01 1.092180e+00 5.712500e-01
4.564544e-01 4.642979e-01 7.695798e-01 6.823349e-01 1.035391e+00 5.722050e-01
5.395525e-01 5.748716e-01 7.297884e-01 6.010845e-01 9.736752e-01 5.616302e-01
4.534242e-01 7.321411e-01 5.242243e-01 6.601033e-01 9.840482e-01 5.694152e-01
4.589742e-01 6.693106e-01 4.805368e-01 5.752154e-01 1.017303e+00 3.923294e-01
3.720618e-01 7.329947e-01 5.093368e-01 5.564252e-01 9.685105e-01 4.887872e-01
3.491237e-01 7.108286e-01 3.538902e-01 5.405569e-01 9.467262e-01 3.772641e-01
2.558345e-01 1.189060e+00 6.170859e-03 4.383394e-01 1.374436e+00 2.541548e-02
1.000000e+00 1.051604e+00 1.063063e+00 9.846829e-01 9.314791e-01 1.094729e+00
1.000000e+00 9.447648e-01 1.111834e+00 9.224467e-01 9.699363e-01 9.658093e-01
1.158144e-01 1.513526e+00 1.686457e+00 5.665361e-01 1.161201e-02 1.114572e+00
1.987999e-01 6.998799e-01 7.606932e-01 1.526798e+00 2.480421e-02 1.470124e+00
4.705544e-01 8.543492e-01 9.058892e-01 1.018011e+00 3.233670e-01 1.071238e+00
5.926219e-01 3.912437e-01 1.625900e+00 4.318234e-02 5.776350e-01 1.549144e+00
5.411282e-01 1.784819e-01 1.129421e+00 6.912248e-01 6.827408e-01 1.236431e+00
5.753235e-01 3.540565e-01 1.148033e+00 5.325459e-01 8.329267e-01 9.780687e-01
5.317972e-01 4.453966e-01 1.109668e+00 5.044105e-01 1.041219e+00 8.680260e-01
5.949025e-01 5.281590e-01 8.358768e-01 6.401277e-01 1.089451e+00 6.420323e-01
5.596027e-01 5.565714e-01 7.624996e-01 5.614571e-01 1.054691e+00 4.714286e-01
3.977446e-01 6.132164e-01 6.191153e-01 6.383173e-01 1.093962e+00 4.282848e-01
5.236073e-01 7.163741e-01 5.865156e-01 7.742633e-01 1.168525e+00 4.180869e-01
3.685347e-01 6.916684e-01 5.404925e-01 5.812417e-01 1.063743e+00 4.726105e-01
4.125098e-01 8.306725e-01 4.367094e-01 6.928402e-01 9.674931e-01 4.661863e-01
2.247447e-01 1.237026e+00 2.363115e-02 6.065221e-01 1.339346e+00 3.212290e-02
1.000000e+00 8.656688e-01 9.563555e-01 1.075351e+00 8.832910e-01 9.563778e-01
1.000000e+00 8.740213e-01 8.077544e-01 1.050625e+00 1.080320e+00 1.029124e+00
2.470532e-01 1.270692e+00 5.427600e-01 1.075755e-02 1.162538e+00 1.514741e+00
3.472453e-01 1.273045e-01 3.700125e-01 8.745292e-01 1.232421e+00 1.803013e+00
3.239219e-01 4.779641e-01 4.191024e-01 3.734341e-01 1.183187e+00 1.472881e+00
2.348250e-01 7.708993e-02 1.289748e+00 2.216396e-02 1.270020e+00 1.204230e+00
3.119617e-01 1.775968e-01 1.359700e+00 3.321036e-01 1.100962e+00 9.933823e-01
2.809702e-01 3.575972e-01 1.159816e+00 5.730494e-01 1.015010e+00 8.587849e-01
5.324073e-01 3.586825e-01 1.148111e+00 4.962495e-01 1.003752e+00 7.662853e-01
4.430226e-01 5.070538e-01 1.034146e+00 8.045239e-01 9.036427e-01 6.681582e-01
4.944309e-01 5.842860e-01 9.349327e-01 7.366143e-01 8.592841e-01 5.757534e-01
4.351895e-01 6.267625e-01 9.532652e-01 9.178296e-01 7.621047e-01 4.734084e-01
5.207427e-01 7.211666e-01 7.916792e-01 9.994839e-01 6.946549e-01 4.746429e-01
4.938785e-01 8.067762e-01 6.546001e-01 8.824735e-01 7.400253e-01 4.936178e-01
6.217478e-01 8.556012e-01 5.735857e-01 9.426123e-01 5.732587e-01 4.282302e-01
3.391274e-01 1.461081e+00 6.925903e-02 1.472096e+00 6.058942e-01 3.042729e-02
