1.619787e+00 6.850160e-01 1.154088e+00 2.217140e+00 1.460746e+00 8.952846e-01
1.000000e+00 1.096319e+00 9.756159e-01 8.963787e-01 8.925721e-01 9.793761e-01
5.013018e-02 7.213050e-01 8.290389e-01 1.283528e+00 9.592188e-01 1.117955e+00
3.661243e-01 8.774827e-01 1.385351e+00 6.917562e-01 1.163987e+00 7.910524e-01
4.925884e-01 3.762520e-01 1.193208e+00 1.015012e+00 1.228123e+00 9.541326e-01
6.819432e-01 5.246401e-01 1.253588e+00 1.278895e+00 9.942676e-01 6.230642e-01
5.047031e-01 7.542316e-01 1.116867e+00 9.412619e-01 1.084623e+00 7.731476e-01
5.764315e-01 8.018191e-01 9.852963e-01 1.144432e+00 9.740776e-01 7.571212e-01
4.690833e-01 1.023020e+00 9.545377e-01 1.114973e+00 8.681670e-01 8.019870e-01
3.810935e-01 9.961194e-01 8.977400e-01 9.689169e-01 8.392075e-01 8.490768e-01
3.725176e-01 1.122212e+00 8.310695e-01 1.012546e+00 8.712177e-01 8.965554e-01
3.853667e-01 1.050452e+00 7.483060e-01 1.043417e+00 9.337354e-01 7.671866e-01
4.522129e-01 1.005972e+00 6.683934e-01 1.018506e+00 1.108376e+00 8.047761e-01
3.780848e-01 1.049075e+00 6.989274e-01 1.062748e+00 1.086742e+00 7.433228e-01
3.742306e-01 1.032697e+00 7.091710e-01 9.625931e-01 1.179504e+00 7.092329e-01
2.582508e-01 1.164130e+00 7.287625e-01 1.056179e+00 1.403072e+00 5.216140e-03
1.118765e+00 1.470888e+00 1.585912e+00 6.897377e-01 4.320932e-01 1.448359e+00
1.000000e+00 1.007478e+00 1.077672e+00 1.038536e+00 1.136194e+00 1.193726e+00
1.048522e-01 9.956725e-01 8.414345e-01 1.355193e+00 8.220240e-01 1.087848e+00
4.548705e-01 8.543809e-01 1.359962e+00 1.012568e+00 1.060215e+00 8.693300e-01
4.195960e-01 5.676612e-01 1.125679e+00 1.200662e+00 1.005235e+00 1.164910e+00
5.793764e-01 7.033818e-01 1.269615e+00 1.224721e+00 7.947797e-01 9.923876e-01
5.384001e-01 8.913392e-01 1.180460e+00 1.062220e+00 9.116526e-01 9.310941e-01
3.338793e-01 8.758118e-01 1.037459e+00 1.122933e+00 7.288539e-01 1.008307e+00
3.661603e-01 9.961457e-01 1.024582e+00 1.139666e+00 6.213206e-01 9.943254e-01
2.857536e-01 1.073728e+00 9.597972e-01 1.176974e+00 6.493713e-01 1.045347e+00
4.293467e-01 1.108987e+00 1.015977e+00 1.042362e+00 6.588760e-01 1.027630e+00
2.648204e-01 1.099693e+00 9.914303e-01 1.091595e+00 6.231428e-01 1.063160e+00
3.009889e-01 1.164059e+00 9.971135e-01 1.105715e+00 6.619355e-01 1.023860e+00
4.546337e-01 1.124382e+00 1.012138e+00 1.129306e+00 5.160283e-01 1.057324e+00
2.663042e-01 1.167343e+00 1.066894e+00 1.020118e+00 7.380785e-01 9.888429e-01
2.957643e-01 1.230299e+00 1.087981e+00 1.050335e+00 2.544119e-01 1.075749e+00
1.459978e+00 1.530858e+00 1.227741e+00 5.060774e-01 6.786420e-01 1.396008e+00
1.000000e+00 9.291909e-01 1.058627e+00 8.767926e-01 9.332675e-01 8.777327e-01
2.698960e-01 9.249577e-01 1.064697e+00 1.176933e+00 8.723595e-01 1.168399e+00
5.469637e-01 8.372384e-01 1.449259e+00 9.060496e-01 1.050106e+00 1.128903e+00
5.403985e-01 5.703982e-01 1.218138e+00 1.094723e+00 7.997174e-01 1.280597e+00
4.968693e-01 5.392944e-01 1.279586e+00 1.026538e+00 8.957269e-01 1.091828e+00
4.572520e-01 9.348475e-01 1.252605e+00 9.857893e-01 8.527616e-01 1.091189e+00
4.908013e-01 9.883354e-01 1.135517e+00 1.004724e+00 8.313251e-01 1.116482e+00
3.326889e-01 1.075077e+00 1.146017e+00 8.892424e-01 7.703008e-01 1.122389e+00
4.241558e-01 1.087503e+00 1.119684e+00 9.525110e-01 6.123454e-01 1.196263e+00
4.652776e-01 1.126240e+00 1.103231e+00 8.846237e-01 6.222329e-01 1.194179e+00
2.762521e-01 1.155349e+00 1.105006e+00 8.388353e-01 5.346982e-01 1.186258e+00
3.708411e-01 1.138457e+00 1.158513e+00 9.151146e-01 6.003327e-01 1.230910e+00
3.628600e-01 1.181517e+00 1.040833e+00 8.638506e-01 4.731909e-01 1.135799e+00
3.711274e-01 1.208090e+00 1.092259e+00 9.293905e-01 5.272211e-01 1.203059e+00
2.875185e-01 1.319977e+00 1.169484e+00 4.921046e-01 1.483041e-02 1.429653e+00
1.994976e+00 9.491575e-01 1.096333e+00 8.824538e-01 1.613075e+00 1.126088e+00
1.000000e+00 9.518470e-01 8.768020e-01 8.277456e-01 1.064839e+00 9.807529e-01
4.146218e-01 5.873799e-01 8.231401e-01 1.252151e+00 1.209332e+00 1.337443e+00
7.424123e-01 1.007438e+00 1.287826e+00 6.919201e-01 1.275919e+00 9.799379e-01
5.391553e-01 6.176390e-01 1.416458e+00 8.774631e-01 1.276719e+00 1.205148e+00
5.595493e-01 5.320978e-01 9.995554e-01 1.202582e+00 1.289588e+00 1.233356e+00
3.520549e-01 8.384271e-01 1.084083e+00 8.540101e-01 1.100304e+00 1.050981e+00
4.727704e-01 8.762800e-01 9.744443e-01 9.420323e-01 1.128932e+00 1.159839e+00
3.060487e-01 9.395336e-01 9.174753e-01 7.787074e-01 1.169916e+00 1.237598e+00
4.250954e-01 9.099837e-01 8.289268e-01 7.296892e-01 1.104868e+00 1.214872e+00
3.682712e-01 1.004949e+00 8.596561e-01 7.084295e-01 1.128358e+00 1.222921e+00
3.303795e-01 1.046333e+00 8.752008e-01 6.688235e-01 1.132284e+00 1.223383e+00
3.550027e-01 1.054115e+00 8.149395e-01 6.269603e-01 1.064852e+00 1.253396e+00
3.526948e-01 1.138927e+00 8.861862e-01 6.453079e-01 1.152653e+00 1.299478e+00
3.057796e-01 1.085608e+00 7.492916e-01 4.319407e-01 1.046101e+00 1.251049e+00
2.660685e-01 1.164948e+00 7.125903e-01 2.951072e-02 1.037016e+00 1.662814e+00
