1.000000e+00 1.074976e+00 9.967172e-01 1.053947e+00 9.761533e-01 9.522403e-01
1.150466e-04 4.781561e-01 5.075904e-01 2.403476e-01 4.383200e-01 5.505731e-01
6.258752e-02 5.495502e-01 8.243427e-01 7.071553e-01 5.972609e-01 7.112884e-01
4.163265e-02 4.496333e-01 7.776109e-01 6.519420e-01 4.970129e-01 6.666834e-01
6.046549e-02 5.995493e-01 7.481561e-01 5.053638e-01 6.643963e-01 6.302237e-01
8.184652e-02 6.865443e-01 7.803983e-01 7.735594e-01 5.925005e-01 7.379547e-01
1.405796e-01 5.879209e-01 9.255566e-01 7.220455e-01 7.836171e-01 7.143136e-01
3.601342e-02 6.006319e-01 7.421618e-01 5.482023e-01 6.921524e-01 6.203154e-01
4.784656e-02 7.348851e-01 7.563061e-01 7.700279e-01 7.231816e-01 7.076819e-01
7.883962e-02 8.816771e-01 6.796355e-01 5.798232e-01 6.839222e-01 8.526229e-01
4.742550e-02 5.774912e-01 6.245142e-01 4.840815e-01 5.457797e-01 1.326100e+00
5.448684e-02 6.383204e-01 7.081908e-01 5.187888e-01 6.662977e-01 6.756207e-01
6.372789e-02 6.269535e-01 8.599290e-01 6.660571e-01 6.396501e-01 7.253702e-01
1.038081e-01 6.315907e-01 7.703369e-01 7.497477e-01 5.959287e-01 8.469299e-01
5.367832e-02 7.161581e-01 7.747262e-01 7.768346e-01 7.348964e-01 8.569518e-01
3.274338e-02 6.803342e-01 7.290134e-01 6.331541e-01 7.000244e-01 8.625065e-01
4.682124e-02 7.001125e-01 7.173582e-01 6.085720e-01 7.236046e-01 6.618658e-01
7.252596e-02 6.426085e-01 7.863313e-01 7.372978e-01 6.923708e-01 6.811222e-01
1.155734e-01 6.177052e-01 1.094435e+00 6.935865e-01 7.305866e-01 4.908755e-01
1.208368e-01 5.544496e-01 8.178428e-01 8.154861e-01 6.916518e-01 7.200234e-01
4.696860e-02 5.794441e-01 6.913484e-01 6.963855e-01 6.736252e-01 8.045158e-01
2.508200e-02 6.050521e-01 7.509971e-01 8.232699e-01 7.435813e-01 8.025943e-01
3.537568e-02 6.658400e-01 7.541697e-01 5.438915e-01 6.290110e-01 6.687668e-01
4.687531e-02 6.551857e-01 8.531671e-01 7.010287e-01 6.408150e-01 7.881324e-01
4.880287e-02 6.611185e-01 7.175208e-01 7.445211e-01 6.988696e-01 6.965592e-01
6.273517e-02 6.973623e-01 7.395306e-01 7.760636e-01 7.034723e-01 8.043593e-01
3.673759e-02 6.289832e-01 7.449666e-01 6.981442e-01 6.685477e-01 7.812237e-01
6.503493e-02 6.095275e-01 8.241809e-01 7.822713e-01 7.606568e-01 8.006878e-01
2.084323e-02 7.129200e-01 7.328350e-01 8.032485e-01 7.272423e-01 6.851717e-01
6.607550e-02 5.325889e-01 8.237365e-01 5.159331e-01 6.488903e-01 6.271946e-01
5.525186e-02 6.343704e-01 8.204289e-01 7.048919e-01 5.966414e-01 7.834460e-01
8.629882e-02 7.649462e-01 7.379024e-01 7.903885e-01 6.748515e-01 8.075259e-01
6.800327e-02 6.438370e-01 7.136219e-01 7.386874e-01 6.742520e-01 7.746244e-01
4.760942e-02 6.586716e-01 7.331331e-01 7.171057e-01 6.767195e-01 7.965228e-01
1.019851e-01 5.547052e-01 7.539790e-01 7.791693e-01 6.447537e-01 7.775410e-01
6.225419e-02 7.391385e-01 6.971542e-01 7.922450e-01 6.540264e-01 7.297094e-01
2.571074e-02 6.725161e-01 6.871450e-01 7.633857e-01 6.858064e-01 7.965455e-01
5.130556e-02 7.263116e-01 7.937026e-01 4.644253e-01 7.709971e-01 5.613810e-01
6.036003e-02 7.244239e-01 8.155038e-01 7.396490e-01 6.681707e-01 7.480572e-01
7.478981e-02 7.413863e-01 6.805041e-01 7.892253e-01 6.497851e-01 7.545982e-01
7.803691e-02 5.955814e-01 7.252242e-01 7.146626e-01 6.792061e-01 7.398194e-01
5.174018e-02 6.029378e-01 7.239013e-01 7.366685e-01 7.263710e-01 6.716953e-01
1.000000e-05 6.191530e-01 7.445899e-01 8.401380e-01 7.411848e-01 7.810099e-01
6.185878e-02 6.950737e-01 6.313553e-01 8.113314e-01 7.560974e-01 7.212288e-01
6.670615e-02 7.218959e-01 6.659006e-01 7.940193e-01 7.376368e-01 7.704044e-01
6.995261e-02 7.180949e-01 6.739656e-01 7.674523e-01 7.068789e-01 8.010261e-01
3.933415e-02 6.246281e-01 7.748331e-01 4.745721e-01 7.405558e-01 7.157106e-01
1.345435e-01 5.996294e-01 8.869187e-01 7.495706e-01 5.834924e-01 8.279688e-01
8.050771e-02 6.796823e-01 7.195276e-01 7.562106e-01 6.825960e-01 7.873251e-01
1.880425e-01 6.332076e-01 7.468790e-01 8.412327e-01 7.075696e-01 8.251186e-01
8.497764e-02 4.911217e-01 5.977207e-01 6.971409e-01 6.592001e-01 6.489884e-01
4.857680e-02 5.687347e-01 6.453463e-01 6.964291e-01 6.404062e-01 7.121681e-01
2.843104e-02 5.934371e-01 7.217779e-01 7.527904e-01 6.152561e-01 6.751849e-01
7.539782e-02 6.516910e-01 6.881267e-01 7.644099e-01 7.058668e-01 8.246762e-01
5.409089e-02 6.910720e-01 7.605860e-01 8.342295e-01 6.605954e-01 7.641737e-01
3.079178e-02 7.917195e-01 7.735551e-01 8.190819e-01 6.825396e-01 7.806971e-01
1.000000e+00 9.921790e-01 1.100418e+00 1.004930e+00 9.963949e-01 1.017949e+00
1.000000e+00 9.443699e-01 1.076540e+00 1.002993e+00 9.980274e-01 1.009049e+00
1.000000e+00 1.123324e+00 1.014004e+00 1.078227e+00 1.041056e+00 7.668628e-01
1.000000e+00 9.376122e-01 1.090535e+00 1.145500e+00 1.104094e+00 9.370119e-01
1.000000e+00 8.647060e-01 9.708882e-01 9.481132e-01 9.437800e-01 1.036210e+00
1.000000e+00 1.082929e+00 8.924117e-01 1.051080e+00 8.878588e-01 9.745931e-01
1.000000e+00 9.151373e-01 9.306392e-01 8.893388e-01 1.058271e+00 1.228019e+00
1.000000e+00 1.055143e+00 9.981692e-01 1.028698e+00 1.004400e+00 1.028723e+00
